Pre_S2 Channel Investigation (10 Samples)

Chan  | Mean       | Min        | Max        | NaN%     | Inf%     | Finite% 
---------------------------------------------------------------------------
0     | 0.0349     | 0.0000     | 0.3532     | 0.00     | 0.00     | 100.00  
1     | 0.0461     | 0.0000     | 0.3760     | 0.00     | 0.00     | 100.00  
2     | 0.0499     | 0.0000     | 0.4300     | 0.00     | 0.00     | 100.00  
3     | 0.1125     | 0.0000     | 0.6076     | 0.00     | 0.00     | 100.00  
4     | 0.1115     | 0.0000     | 0.5185     | 0.00     | 0.00     | 100.00  
5     | 0.0778     | 0.0000     | 0.6669     | 0.00     | 0.00     | 100.00  
6     | nan        | nan        | nan        | 0.00     | 0.00     | 0.00    
7     | nan        | nan        | nan        | 0.00     | 0.00     | 0.00    
8     | nan        | nan        | nan        | 0.00     | 0.00     | 0.00    
9     | nan        | nan        | nan        | 0.00     | 0.00     | 0.00    
10    | nan        | nan        | nan        | 0.00     | 0.00     | 0.00    
11    | nan        | nan        | nan        | 0.00     | 0.00     | 0.00    
12    | nan        | nan        | nan        | 0.00     | 0.00     | 0.00    

Universally Dead Channels: [6, 7, 8, 9, 10, 11, 12]
Recommendation: Drop these channels entirely from the dataloader.